49 0 0.505926
57 0 0.590245
59 0 0.684112
61 0 0.693047
61 0 0.707417
62 0 0.779443
63 0 0.849479
61 0 0.601698
63 0 0.772828
62 0 0.643964
64 1 2.314761
64 2 0.955316
63 0 0.863217
64 0 0.791978
80 0 1.313991
85 0 1.765547
88 0 1.384530
89 0 1.860543
68 1 0.845720
73 0 1.054099
75 1 1.176024
74 1 1.123115
74 0 1.032368
78 0 1.360474
25 0 0.148021
23 0 0.114746
21 0 0.120031
27 0 0.118934
29 1 0.202228
27 0 0.163874
29 0 0.198447
29 1 0.168058
31 0 0.205375
28 0 0.160121
31 0 0.191409
29 0 0.179826
29 0 0.186658
31 0 0.209726
30 0 0.228053
31 0 0.204945
30 0 0.230338
28 0 0.127373
30 1 0.251367
31 1 0.195041
27 0 0.156037
26 1 0.160146
32 1 0.263162
31 1 0.217815
30 0 0.274299
31 0 0.263143
33 0 0.447379
32 0 0.306077
32 2 0.367469
34 0 0.589976
34 0 0.651232
31 0 0.299035
33 0 0.330279
33 0 0.289283
33 0 0.267972
32 0 0.243279
32 0 0.166683
32 0 0.153548
33 0 0.208835
35 0 0.233051
34 0 0.213741
32 0 0.174210
33 0 0.221694
32 0 0.187426
33 0 0.242527
33 0 0.265420
34 0 0.266454
34 0 0.266986
34 0 0.213475
35 0 0.247299
35 0 0.281975
33 0 0.240427
37 0 0.297431
36 2 0.380822
34 0 0.231335
34 0 0.234815
33 0 0.261797
34 1 0.280402
34 1 0.245781
36 0 0.260749
33 0 0.208206
35 0 0.259431
34 0 0.243261
34 0 0.218524
35 0 0.240962
35 0 0.270805
33 0 0.178703
39 0 0.290924
34 0 0.180072
35 0 0.294474
34 0 0.260463
36 0 0.287462
34 0 0.253507
37 0 0.296684
34 1 0.235557
36 0 0.292175
36 0 0.271905
38 0 0.364643
34 0 0.212323
36 0 0.306686
38 0 0.317779
37 0 0.308143
37 0 0.284577
38 0 0.273284
37 0 0.317283
35 0 0.241788
35 0 0.267866
37 0 0.291878
36 0 0.284786
35 0 0.271991
36 0 0.230798
35 0 0.300221
37 1 0.290907
36 1 0.256980
35 0 0.263261
34 0 0.230208
36 0 0.344343
37 0 0.300293
39 1 0.375259
38 0 0.306958
38 0 0.262640
37 0 0.257225
38 0 0.302437
39 0 0.347999
39 0 0.305840
41 0 0.326154
40 0 0.311276
42 0 0.374796
40 0 0.371352
39 0 0.321394
39 0 0.314233
42 0 0.460566
40 0 0.383497
42 1 0.431230
18 0 0.079792
19 0 0.119794
15 0 0.039147
21 0 0.101137
23 0 0.101392
22 0 0.092145
23 0 0.139332
23 0 0.175618
24 0 0.139991
23 0 0.097085
22 0 0.101487
26 0 0.145891
25 0 0.164571
22 0 0.142710
24 0 0.195710
25 0 0.161658
23 2 0.170679
24 0 0.139407
20 0 0.081812
27 1 0.207680
22 0 0.143052
25 0 0.117431
27 0 0.139314
25 0 0.115328
26 1 0.162064
26 1 0.136514
30 0 0.241832
27 1 0.230063
27 0 0.176298
27 0 0.166018
28 0 0.186257
24 0 0.126076
27 0 0.172392
27 0 0.138916
24 0 0.145652
26 0 0.152409
21 0 0.096530
26 0 0.144341
26 0 0.155708
26 0 0.107483
26 0 0.114108
27 0 0.134782
27 0 0.132237
27 0 0.136393
27 0 0.141208
28 0 0.181652
27 0 0.204354
27 0 0.179085
28 0 0.171376
27 0 0.149470
32 0 0.225157
28 0 0.197334
31 0 0.171157
29 0 0.152985
30 0 0.183873
28 0 0.182880
29 0 0.232502
28 0 0.156614
29 0 0.177684
28 0 0.172421
27 0 0.147820
29 0 0.208856
28 0 0.217634
29 0 0.201483
28 0 0.183622
29 0 0.206199
29 0 0.189973
30 0 0.216635
30 0 0.224044
30 0 0.208818
29 0 0.193444
29 0 0.188798
28 0 0.205703
27 0 0.232767
28 0 0.230939
34 0 0.279458
31 0 0.240280
29 0 0.227828
27 0 0.184743
31 0 0.241644
33 0 0.261722
28 0 0.233240
28 0 0.171356
29 1 0.253386
27 0 0.190868
31 0 0.243261
31 1 0.213833
30 0 0.214165
26 0 0.167974
31 0 0.221524
32 1 0.233702
28 1 0.201614
29 0 0.159589
29 0 0.185642
28 0 0.161994
29 0 0.203276
33 0 0.235905
31 0 0.216340
29 0 0.182332
30 0 0.186350
30 0 0.169369
31 0 0.212623
34 0 0.270875
31 1 0.222165
31 0 0.227881
34 0 0.260453
35 0 0.246279
32 1 0.252558
33 0 0.259160
32 1 0.253943
31 1 0.224177
32 0 0.290749
28 0 0.131607
31 0 0.166088
33 0 0.301688
31 0 0.171372
36 0 0.281650
32 0 0.238258
32 0 0.236713
32 0 0.216566
32 0 0.209662
33 0 0.221717
33 0 0.284608
36 0 0.236259
34 0 0.239368
35 0 0.268168
36 1 0.300771
32 0 0.231186
33 0 0.248362
33 0 0.316227
34 0 0.239155
34 0 0.288392
33 0 0.282820
35 0 0.297652
33 0 0.248817
34 0 0.276120
35 0 0.348245
33 0 0.288417
35 0 0.298479
34 0 0.321800
33 0 0.282400
35 0 0.268683
35 0 0.289605
34 0 0.298762
36 0 0.328998
37 0 0.358904
34 0 0.303181
35 0 0.319474
39 0 0.412588
35 0 0.284502
34 0 0.303685
38 0 0.346920
38 0 0.321497
37 0 0.345667
39 0 0.331918
35 0 0.303601
36 0 0.286393
34 0 0.257276
59 0 0.661447
66 0 0.964692
64 0 0.780718
66 0 0.841574
66 0 0.955807
66 0 0.900493
71 0 0.985701
67 0 0.957649
74 0 1.161155
61 0 0.880943
58 0 0.737517
58 0 0.713095
61 0 0.890412
64 0 1.129814
63 0 0.925958
65 0 1.018517
62 0 0.929481
65 0 1.015593
63 0 0.931764
64 0 1.086637
63 0 0.877005
63 0 0.966298
63 0 1.065885
65 2 1.253366
64 0 1.063589
63 0 0.963944
34 0 0.223349
33 0 0.201187
38 0 0.263754
38 1 0.251661
37 0 0.283471
38 0 0.284844
40 0 0.301589
38 0 0.287633
39 0 0.324821
40 0 0.283665
38 0 0.250851
38 0 0.306846
42 0 0.359886
37 0 0.275486
39 0 0.325285
36 0 0.235555
41 0 0.285848
39 0 0.305779
41 0 0.305758
40 0 0.267196
39 0 0.322566
41 0 0.380200
42 0 0.425071
41 0 0.282136
44 0 0.392197
43 0 0.371014
42 0 0.363548
40 0 0.261734
40 0 0.297501
41 0 0.275780
43 0 0.382642
42 0 0.352026
43 0 0.376533
44 0 0.348061
41 0 0.328455
43 0 0.325674
41 0 0.205174
41 0 0.267147
41 0 0.291768
42 0 0.334617
40 0 0.316868
45 0 0.337313
42 0 0.366067
42 0 0.305366
42 0 0.350862
43 0 0.367651
42 0 0.288743
42 0 0.285951
43 0 0.338470
43 0 0.345701
44 0 0.384611
43 0 0.325380
42 0 0.319010
44 0 0.409440
43 0 0.327124
43 0 0.400812
42 0 0.326940
44 0 0.368810
43 1 0.400505
43 1 0.399747
43 1 0.308300
44 0 0.330376
43 0 0.351726
44 0 0.411536
47 1 0.420232
45 1 0.466466
45 0 0.473539
42 0 0.428283
43 0 0.380647
41 0 0.318456
44 0 0.439153
43 1 0.430410
43 0 0.424432
45 0 0.411746
46 0 0.421907
45 0 0.404675
44 0 0.442482
44 0 0.404408
45 0 0.404468
44 0 0.440541
47 0 0.479394
44 0 0.440996
45 0 0.438783
42 0 0.325978
43 0 0.435220
46 0 0.463796
43 0 0.378729
44 1 0.391801
46 2 0.426257
44 1 0.410135
42 1 0.327350
41 0 0.382565
46 0 0.435472
46 0 0.411285
46 0 0.416668
46 0 0.381431
48 0 0.452729
50 0 0.479681
49 0 0.532811
49 0 0.533834
48 1 0.557209
51 0 0.603701
50 1 0.507853
50 1 0.519562
50 0 0.555230
53 1 0.590179
51 0 0.541604
49 0 0.564549
55 0 0.019607
52 0 0.620597
53 0 0.608302
55 0 0.690418
55 0 0.687227
57 0 0.748308
58 0 0.734446
58 0 0.814960
58 0 0.582101
58 0 0.761045
60 0 0.657042
59 0 0.794737
61 0 0.761560
61 0 0.934148
67 0 0.720407
61 0 0.690832
65 0 0.797501
69 0 0.996866
71 0 1.038723
73 0 1.038978
71 0 0.924347
70 0 0.927706
64 0 0.887866
64 0 0.775764
65 1 1.355052
67 0 0.915357
69 0 1.109041
68 0 0.974576
70 0 1.041225
69 0 1.073497
69 1 1.075855
69 0 1.074698
71 0 1.104265
69 0 1.050175
70 0 1.152983
70 0 1.126441
72 0 1.107481
70 0 1.246974
63 0 0.722221
65 1 0.753613
64 0 0.742019
64 1 0.904434
64 0 0.849786
65 0 0.816477
75 0 1.188192
77 1 1.252753
81 0 1.416668
81 1 1.412067
85 0 1.633389
82 0 1.570702
83 1 1.613439
84 0 1.517631
71 0 1.186598
72 1 1.188817
73 0 1.251408
75 1 1.050448
75 1 1.269322
79 0 1.471653
75 0 1.376031
76 0 1.389299
80 0 1.581450
75 0 1.327166
77 1 1.380162
78 1 1.712512
26 0 0.179941
25 0 0.137032
27 0 0.205923
30 0 0.239007
29 1 0.189901
34 0 0.282619
29 0 0.195306
33 0 0.257417
34 0 0.322909
33 0 0.354442
34 1 0.286158
32 0 0.290892
33 0 0.291969
34 0 0.285413
33 0 0.283463
33 0 0.281606
35 0 0.364851
39 0 0.402414
38 0 0.331382
35 0 0.292775
38 0 0.426941
37 0 0.453293
36 0 0.381794
36 0 0.418574
39 2 0.547682
38 0 0.400803
37 0 0.341578
40 2 0.479212
61 0 0.640847
62 0 0.603089
61 0 0.622257
64 1 0.761646
63 0 0.795439
24 0 0.134631
25 0 0.149913
23 0 0.139508
29 0 0.166334
29 0 0.192460
28 0 0.158739
30 0 0.203526
28 0 0.164882
30 0 0.241843
29 0 0.209263
30 0 0.232697
31 0 0.234829
32 1 0.243630
32 0 0.216451
29 0 0.191609
29 0 0.200873
29 0 0.228298
31 0 0.188152
28 0 0.172197
27 0 0.157872
31 0 0.186361
30 0 0.174832
32 0 0.217596
31 0 0.006536
31 0 0.187484
31 0 0.208781
33 0 0.294091
32 0 0.229918
32 0 0.211458
34 0 0.253973
34 0 0.295077
32 0 0.229212
32 0 0.208176
32 0 0.258962
31 0 0.251118
33 0 0.268751
35 0 0.275103
30 0 0.158259
33 0 0.232637
34 0 0.168811
36 0 0.223935
30 0 0.194742
32 0 0.191687
33 0 0.238187
33 0 0.238109
35 0 0.211216
33 0 0.245118
32 0 0.175997
33 0 0.218063
34 0 0.258553
34 0 0.270915
31 0 0.200829
33 0 0.228204
34 0 0.310787
33 0 0.220052
35 0 0.307964
35 0 0.239860
33 0 0.301167
35 0 0.246628
34 0 0.278600
35 0 0.281883
33 1 0.240567
35 0 0.290237
34 0 0.336135
34 1 0.310764
33 0 0.231782
35 0 0.302785
34 0 0.236637
34 0 0.300893
36 1 0.293375
36 0 0.309857
35 0 0.314846
34 0 0.311353
36 0 0.323340
35 0 0.287610
35 0 0.334245
36 1 0.265106
34 0 0.252561
36 0 0.317398
34 0 0.251795
37 0 0.315370
36 0 0.328640
36 0 0.353769
35 0 0.278399
34 0 0.255302
36 0 0.301092
34 0 0.259234
37 0 0.370458
35 2 0.293470
38 0 0.359043
37 0 0.275582
37 1 0.339054
35 1 0.402578
37 0 0.358357
34 1 0.230543
38 1 0.374976
38 0 0.426085
38 0 0.381456
37 0 0.311170
41 0 0.356380
40 0 0.365219
39 0 0.394624
39 0 0.421628
43 0 0.491440
42 0 0.399938
41 0 0.423641
40 0 0.406643
41 1 0.414846
55 1 0.663920
53 0 0.651316
52 0 0.572681
53 0 0.641771
55 0 0.679232
54 0 0.672469
57 0 0.686090
58 0 0.701130
56 0 0.706609
56 1 0.661296
57 0 0.670976
58 0 0.730367
59 0 0.673727
57 2 0.676239
57 0 0.824814
59 0 0.887166
58 0 0.690764
61 1 1.716721
63 0 0.973591
31 0 0.207267
34 1 0.256947
37 0 0.261154
37 2 0.343711
37 0 0.291129
37 0 0.271679
36 0 0.239736
38 0 0.252178
38 0 0.271243
40 0 0.305377
40 0 0.322416
39 0 0.259252
40 0 0.297648
41 0 0.343963
41 1 0.360032
40 0 0.327291
40 0 0.407090
42 0 0.401056
42 0 0.352277
41 0 0.344424
42 0 0.402454
41 0 0.301294
42 0 0.395510
41 1 0.347031
43 0 0.502121
43 0 0.365919
45 0 0.358145
44 0 0.413276
41 1 0.289043
42 0 0.281570
47 0 0.450521
46 0 0.415084
44 0 0.368743
44 0 0.343419
44 0 0.333086
45 1 0.343249
45 0 0.303929
44 0 0.383065
44 0 0.447937
45 1 0.473527
45 0 0.428709
46 0 0.457880
44 0 0.369341
48 2 0.490691
44 0 0.387704
45 0 0.419121
46 1 0.464096
45 0 0.445713
44 0 0.362665
45 0 0.412123
45 0 0.400202
48 0 0.401161
46 0 0.413924
46 0 0.423044
49 0 0.504993
46 0 0.418548
44 0 0.468750
46 0 0.463913
47 0 0.321590
46 0 0.395586
46 1 0.445949
45 0 0.451991
45 0 0.423561
46 0 0.412981
47 0 0.537295
46 0 0.405356
44 0 0.392204
45 0 0.416579
46 0 0.454195
45 0 0.444835
47 0 0.479358
46 0 0.563473
48 0 0.593075
48 0 0.370780
49 0 0.542267
49 0 0.460993
45 0 0.395243
46 0 0.467884
47 0 0.511515
46 0 0.422968
49 0 0.551105
47 0 0.479254
45 0 0.388627
53 0 0.518250
48 0 0.396506
46 0 0.419893
46 0 0.446210
41 0 0.358582
41 0 0.350480
39 0 0.248179
42 0 0.397237
41 0 0.272645
41 0 0.305016
48 0 0.388279
46 0 0.384550
44 0 0.294866
46 0 0.349100
49 0 0.445176
46 0 0.371618
45 0 0.331700
48 0 0.418148
46 0 0.335460
46 0 0.376792
47 0 0.392785
48 0 0.518590
47 0 0.461302
48 0 0.455667
47 1 0.545239
48 0 0.466439
52 1 0.532217
48 1 0.442566
47 1 0.469623
46 0 0.399361
46 1 0.372693
48 0 0.371011
49 1 0.479361
49 1 0.405877
49 0 0.490664
48 1 0.406512
52 1 0.564478
49 1 0.471084
49 1 0.539462
49 2 0.544716
49 0 0.452153
50 0 0.495340
51 1 0.618859
55 0 0.615118
51 1 0.488806
50 0 0.503049
52 0 0.514573
50 0 0.451791
50 0 0.473206
48 0 0.366352
48 0 0.397034
50 0 0.437163
50 0 0.412044
54 0 0.486621
52 0 0.518947
51 0 0.605169
51 0 0.481124
50 0 0.485697
50 0 0.435530
51 0 0.466704
50 0 0.429888
50 0 0.468249
51 0 0.549871
51 0 0.436934
51 0 0.518387
53 0 0.576195
51 0 0.523771
52 0 0.510073
52 0 0.508769
53 0 0.575079
51 0 0.526119
53 0 0.594302
52 0 0.549498
53 0 0.568064
51 0 0.615289
51 1 0.548930
51 1 0.783192
53 2 2.209057
52 1 1.012554
52 2 0.701417
52 0 0.925650
51 1 0.746501
53 1 0.693920
51 0 0.564765
52 0 0.547276
53 0 0.532841
54 1 0.694385
53 0 0.730788
53 0 0.678462
53 1 0.555222
52 1 0.591463
51 2 0.544203
52 0 0.561122
51 0 0.517266
54 0 0.681530
54 0 0.669319
55 0 0.601559
51 0 0.592464
54 0 0.735369
55 0 0.695092
53 0 0.669989
36 1 0.363094
37 0 0.331613
38 1 1.022461
39 0 0.439684
40 0 0.434857
42 0 0.463336
41 0 0.333282
41 0 0.349882
42 1 0.583003
41 0 0.420789
43 0 0.472933
42 0 0.494087
45 0 0.550542
44 0 0.451515
45 0 0.492203
44 0 0.552391
43 0 0.382088
61 0 0.838506
61 0 0.791833
61 1 0.953687
62 0 0.838996
63 0 0.856607
64 0 0.930426
65 0 0.908972
65 0 0.899386
66 1 1.793451
64 0 0.913143
66 0 0.860585
67 0 0.924249
70 0 1.105946
66 0 1.013507
68 0 1.141692
68 1 1.011846
69 0 1.095600
54 0 0.592657
59 0 0.689020
58 0 0.571186
60 0 0.652054
62 0 0.872809
64 0 1.074671
65 0 0.986777
64 1 0.865213
69 0 1.181209
70 0 1.211240
69 0 0.981586
68 1 0.966890
70 0 0.962140
70 0 0.960337
70 0 1.234553
70 0 1.209744
71 0 1.307946
69 0 1.223515
72 0 1.095133
73 0 1.178906
92 0 2.095830
93 0 2.267307
94 0 2.020263
94 0 2.015979
96 0 2.109249
95 0 2.283221
53 0 0.598783
54 0 0.577014
56 0 0.618222
55 0 0.749372
59 0 0.801343
58 0 0.617236
61 0 0.655922
59 0 0.815649
59 0 0.773728
61 0 0.794794
60 0 0.710788
59 0 0.938794
59 0 0.750057
60 0 0.749288
59 0 0.726080
60 0 0.849947
59 0 0.745655
62 0 1.037679
62 0 0.871492
62 1 0.932141
60 0 0.868220
62 0 0.826757
63 1 1.088111
63 0 0.835151
67 0 1.103373
68 0 1.087386
70 0 1.226406
69 0 1.195767
72 0 1.215481
70 0 1.208037
71 0 1.089916
73 0 1.391701
71 0 1.261951
72 0 1.222938
72 0 1.214815
70 0 1.098444
72 0 1.198305
71 0 0.934297
72 0 1.052185
73 0 0.926909
75 0 1.391206
71 0 1.330524
72 0 1.236148
72 0 1.319512
72 1 1.399381
74 1 1.226753
74 0 1.573038
75 2 1.521327
82 0 1.597922
83 0 1.808703
84 1 1.698500
43 0 0.359106
51 1 0.567118
52 1 0.662683
53 1 0.589591
55 1 0.674818
56 1 0.619377
56 0 0.688708
58 0 0.746315
58 0 0.660952
58 0 0.696069
58 0 0.709393
60 0 0.793729
58 0 0.722283
60 0 1.012796
10 0 0.073700
12 0 0.061540
9 0 0.060739
14 1 0.117022
15 0 0.129852
14 0 0.120724
12 0 0.083694
13 0 0.094949
18 0 0.139055
18 0 0.127844
13 0 0.087465
14 0 0.100017
14 0 0.097809
14 0 0.120818
18 0 0.176226
17 0 0.120885
16 0 0.166303
13 0 0.084092
16 0 0.086681
17 0 0.118610
16 0 0.157218
15 0 0.102217
17 0 0.126633
18 0 0.152756
17 0 0.148253
17 0 0.123802
17 0 0.115803
16 1 0.094385
19 0 0.173269
18 0 0.105835
16 1 0.099920
16 0 0.108039
20 1 0.126801
18 0 0.159929
18 0 0.160834
19 0 0.160393
17 0 0.106301
17 0 0.143274
17 1 0.110932
18 0 0.159386
17 0 0.100210
21 0 0.132904
19 0 0.063559
18 1 0.144079
18 0 0.124194
18 2 0.136699
18 0 0.119035
19 0 0.166852
18 1 0.133625
19 0 0.157273
18 2 0.139471
19 0 0.159310
20 0 0.163089
19 0 0.171500
19 0 0.161561
19 1 0.149679
20 0 0.193392
18 1 0.151987
20 0 0.159899
20 0 0.121659
20 0 0.188849
19 1 0.179839
19 0 0.162359
21 0 0.189502
19 0 0.199110
20 1 0.146928
20 0 0.198098
19 0 0.185962
20 0 0.220449
21 0 0.220337
22 0 0.240652
20 1 0.195134
19 0 0.203193
21 1 0.215580
19 0 0.202193
20 0 0.213059
22 0 0.219913
19 1 0.185453
23 1 0.206060
20 0 0.117755
20 1 0.172483
25 0 0.223340
22 1 0.197144
23 1 0.227956
22 0 0.237374
21 0 0.225557
20 0 0.202766
23 0 0.210732
18 0 0.146836
21 0 0.211564
22 0 0.173810
19 0 0.171127
21 0 0.156118
19 0 0.165956
19 0 0.143594
22 1 0.194180
20 0 0.157443
25 0 0.213333
21 0 0.143981
21 1 0.160187
23 0 0.165434
22 0 0.186907
21 0 0.156743
24 0 0.174895
25 0 0.204361
25 0 0.229549
23 0 0.271290
24 0 0.182716
22 0 0.191423
24 0 0.220525
25 1 0.206581
23 0 0.222896
24 1 0.228388
24 0 0.225165
23 1 0.223205
25 1 0.235664
22 0 0.141928
25 0 0.257665
24 0 0.234992
22 0 0.130544
24 0 0.160710
23 0 0.207455
22 0 0.176831
22 0 0.156704
23 0 0.197548
23 0 0.171944
25 0 0.183741
23 0 0.173334
25 0 0.215101
24 0 0.233687
24 0 0.215806
24 0 0.239639
32 0 0.288603
25 0 0.220009
25 0 0.228559
24 0 0.219622
25 0 0.254841
23 0 0.199065
23 0 0.189539
25 0 0.239854
29 0 0.248698
24 0 0.286632
24 0 0.234104
25 0 0.234820
26 0 0.218152
26 0 0.276863
26 0 0.226594
24 0 0.226603
26 0 0.247169
27 0 0.249491
26 0 0.279529
24 1 0.247481
25 1 0.327436
25 2 0.265236
26 1 0.267853
27 1 0.265437
26 1 0.316002
25 0 0.263252
24 1 0.276797
27 2 0.329117
29 0 0.291052
26 1 0.267817
25 0 0.272804
26 1 0.281181
27 0 0.294579
28 0 0.315188
28 2 0.317450
29 0 0.339579
28 0 0.328527
24 0 0.267438
26 1 0.269728
27 0 0.282490
28 0 0.321129
28 0 0.335965
25 0 0.263505
26 0 0.303024
29 0 0.291685
33 0 0.254862
34 1 0.287352
37 0 0.248878
38 1 0.253851
37 0 0.313488
39 0 0.341641
37 0 0.304650
41 0 0.360234
38 0 0.268120
40 0 0.334360
39 0 0.315703
36 0 0.219078
40 0 0.379401
38 0 0.277251
38 1 0.329813
39 1 0.324757
38 0 0.230691
38 0 0.318931
40 0 0.290423
33 0 0.242220
41 0 0.364316
39 1 0.295417
41 0 0.336427
42 1 0.395169
40 1 0.346182
40 0 0.361857
43 1 0.447815
41 1 0.338284
44 1 0.476164
42 0 0.404306
41 0 0.372808
40 0 0.319119
40 1 0.360554
36 0 0.221414
42 1 0.373896
42 0 0.308559
41 0 0.255914
41 0 0.333284
38 0 0.264256
42 0 0.366040
41 1 0.359726
42 0 0.351561
42 1 0.408598
42 0 0.358424
42 0 0.351798
43 0 0.372511
42 2 0.382658
42 2 0.342145
41 0 0.310045
46 0 0.443535
44 2 0.408081
43 1 0.435563
42 0 0.363416
44 0 0.361545
42 0 0.365196
42 1 0.421634
45 1 0.369909
43 0 0.469697
43 0 0.374513
43 1 0.421551
43 0 0.419029
44 0 0.444170
44 1 0.434911
45 1 0.332368
43 0 0.353211
48 0 0.526103
43 0 0.387927
43 1 0.389412
44 1 0.458631
44 1 0.476503
45 1 0.368384
46 1 0.494680
44 1 0.720435
43 0 0.405479
44 0 0.417556
46 0 0.432863
44 0 0.372904
46 0 0.452763
43 2 0.367467
44 0 0.434185
43 0 0.436749
47 0 0.416097
43 1 0.420219
45 0 0.443681
46 0 0.469977
47 1 0.518597
45 0 0.476474
46 1 0.443990
48 0 0.482829
47 0 0.501476
46 0 0.485786
47 0 0.406658
46 1 0.435376
45 1 0.558512
49 1 0.435584
49 0 0.491825
49 0 0.446174
49 1 0.573717
49 1 0.591664
48 1 0.530817
50 1 0.602721
48 0 0.525718
49 1 0.567574
27 1 0.174154
28 0 0.164810
26 2 0.172449
32 1 0.255973
27 0 0.140659
33 1 0.240034
33 0 0.236386
31 0 0.190574
34 0 0.270373
32 0 0.151987
34 0 0.305702
33 0 0.286290
32 1 0.269176
31 0 0.248577
32 0 0.195455
32 0 0.211392
30 1 0.159693
34 0 0.231660
32 0 0.189635
30 1 0.240712
31 0 0.231383
33 0 0.304990
35 1 0.255197
34 0 0.260696
35 0 0.252461
35 0 0.220285
33 0 0.197552
34 0 0.184986
35 0 0.214868
36 0 0.303814
35 0 0.255343
37 0 0.333661
36 0 0.304926
34 0 0.192343
38 0 0.343697
36 1 0.285698
35 0 0.262412
39 0 0.345067
37 0 0.222242
36 0 0.274705
38 0 0.316742
34 0 0.261993
37 0 0.274757
36 0 0.212211
35 0 0.307026
35 0 0.226110
33 0 0.226562
37 1 0.280588
36 2 0.285548
37 1 0.256341
37 0 0.326335
37 1 0.301506
37 0 0.225419
37 1 0.294639
38 0 0.342321
36 0 0.292361
36 2 0.302956
37 1 0.317842
38 0 0.354611
38 0 0.312323
37 1 0.358906
37 1 0.278949
38 1 0.380160
36 0 0.322136
37 1 0.335311
37 2 0.292688
34 0 0.290828
36 0 0.315107
39 1 0.324555
38 3 0.291144
42 0 0.402844
38 1 0.412671
37 0 0.391204
38 1 0.309801
39 0 0.365783
39 0 0.399355
38 0 0.321628
37 0 0.348720
40 1 0.388292
37 0 0.379230
36 1 0.293324
36 1 0.299492
39 1 0.356297
35 1 0.309715
38 1 0.358847
40 1 0.403436
39 0 0.334119
39 1 0.365505
37 0 0.335570
45 0 0.418559
40 0 0.346547
38 2 0.373511
40 1 0.388336
38 1 0.342133
38 1 0.429147
37 0 0.300647
39 1 0.371124
39 1 0.279612
40 1 0.386571
39 0 0.356847
41 0 0.382554
40 0 0.322264
41 2 0.465651
40 1 0.364925
40 0 0.352377
41 0 0.435573
40 1 0.309628
43 0 0.462270
41 1 0.372379
41 0 0.387047
41 0 0.299255
40 1 0.403535
41 0 0.378148
40 0 0.314576
40 0 0.313889
43 0 0.310262
42 0 0.418661
39 2 0.301616
42 0 0.320193
43 0 0.455283
43 0 0.373732
42 0 0.397331
42 0 0.426093
41 1 0.390329
46 0 0.414602
41 0 0.349440
43 0 0.400563
44 0 0.431134
42 1 0.434253
42 0 0.351046
44 0 0.455718
42 0 0.361691
42 0 0.380451
43 0 0.426620
42 1 0.372392
45 0 0.398967
43 0 0.329870
42 0 0.433385
42 1 0.330439
42 1 0.367199
42 1 0.481170
43 1 0.424996
45 0 0.451103
42 2 0.502501
43 1 0.450761
43 1 0.459531
43 1 0.381183
44 2 0.526388
42 1 0.384100
43 1 0.485630
44 0 0.521098
46 0 0.467229
44 1 0.458197
44 0 0.421256
42 1 0.477681
46 0 0.543714
46 0 0.492673
42 1 0.379801
43 0 0.443090
41 0 0.407479
45 0 0.502051
47 0 0.461943
46 0 0.578367
44 0 0.475471
47 0 0.545674
44 0 0.480059
43 1 0.454114
67 0 0.885262
68 0 0.843752
69 0 1.022024
70 0 1.051233
70 0 1.018860
56 0 0.588118
57 0 0.675614
58 0 0.652932
44 0 0.403209
48 1 0.586077
49 1 0.510581
50 0 0.589812
51 1 0.908134
53 0 0.646742
54 0 0.737084
54 0 0.753030
52 0 0.572083
55 0 0.664698
53 0 0.725201
55 0 0.670429
54 0 0.616405
54 1 0.723720
54 1 0.892594
53 1 0.765655
56 0 0.743071
55 0 0.761887
55 1 0.736348
54 0 0.796637
57 0 0.866622
56 0 0.727664
55 1 0.728809
56 1 0.893422
54 0 0.610945
53 0 0.588763
57 0 0.693420
54 0 0.643346
57 0 0.683716
55 0 0.515123
56 1 0.725329
59 0 0.750054
58 0 0.663746
57 1 0.573046
58 1 0.646920
60 0 0.762076
61 0 0.922347
67 0 1.077596
69 0 1.330249
70 1 1.179407
72 0 1.320447
72 0 1.208819
71 0 1.151207
74 0 1.298368
74 0 1.268745
73 0 1.222786
72 2 1.188409
72 0 1.297426
77 0 1.279851
48 0 0.533756
50 0 0.630110
49 0 0.656124
50 0 0.650473
53 0 0.694034
50 1 0.905073
52 0 0.779881
50 1 0.720855
52 0 0.804080
52 1 1.286934
54 0 0.694863
53 0 0.674171
52 0 0.579437
54 0 0.785207
53 0 0.688079
54 0 0.746197
55 0 0.805414
55 2 0.865557
54 1 0.819985
56 0 0.803008
57 1 0.866403
57 1 1.002954
55 2 0.686361
61 3 0.870666
59 1 0.631702
61 1 0.859240
66 0 1.112741
16 0 0.095599
15 0 0.101817
20 0 0.130524
20 1 0.149319
21 0 0.194167
20 0 0.132854
18 1 0.112524
19 0 0.131510
22 0 0.174894
22 0 0.200615
21 0 0.158475
19 0 0.105004
21 0 0.147856
21 0 0.169383
22 0 0.128500
19 0 0.144027
21 1 0.077994
20 1 0.184546
22 1 0.138780
20 1 0.136345
20 1 0.162689
22 0 0.159000
22 0 0.140623
24 1 0.198495
23 2 0.183668
24 1 0.185670
24 0 0.188240
25 0 0.196185
23 0 0.170218
23 0 0.132819
25 0 0.254879
22 0 0.121035
23 0 0.231673
21 0 0.147930
24 0 0.190078
24 0 0.202589
26 0 0.174482
24 0 0.151426
26 0 0.132916
26 1 0.178084
23 0 0.120941
23 0 0.152467
23 0 0.155120
25 0 0.002266
25 0 0.173548
25 0 0.229117
26 0 0.189988
24 1 0.201002
24 0 0.189219
24 0 0.179453
25 0 0.197633
26 0 0.212530
25 0 0.241127
24 1 0.214873
24 0 0.173364
25 1 0.219045
24 0 0.162271
27 1 0.214893
25 1 0.216219
26 0 0.237112
26 0 0.240175
26 0 0.243210
25 1 0.193154
25 0 0.252392
27 0 0.300048
28 0 0.262817
26 1 0.284400
25 1 0.231426
23 1 0.159122
26 1 0.274522
31 0 0.288347
27 0 0.177465
27 0 0.219222
25 1 0.292943
28 0 0.266119
25 1 0.267704
28 0 0.265152
28 0 0.256952
29 1 0.286322
25 0 0.233032
26 0 0.251243
26 0 0.286605
28 1 0.268124
25 0 0.250552
27 0 0.251639
27 1 0.263970
24 1 0.192710
28 0 0.213812
25 0 0.203022
27 0 0.246825
29 0 0.257292
25 0 0.213067
27 0 0.213268
26 0 0.254560
26 0 0.231363
28 1 0.267559
28 1 0.277243
26 0 0.192127
26 0 0.167005
31 0 0.260039
29 0 0.240198
29 0 0.271444
31 0 0.334653
31 0 0.282575
30 0 0.353839
31 0 0.298629
35 1 0.786556
32 1 0.388924
44 0 0.379115
44 0 0.492604
43 0 0.344747
45 0 0.462995
47 0 0.550443
45 0 0.505638
48 2 0.777000
47 0 0.577558
45 2 0.518695
48 1 0.633266
47 0 0.535714
45 1 0.713823
50 0 0.586404
46 0 0.540075
43 0 0.379902
45 0 0.396383
45 0 0.470805
50 0 0.528941
51 0 0.697118
50 1 0.580326
49 0 0.637696
52 0 0.646458
51 0 0.683725
51 1 0.679987
52 1 0.574012
54 0 0.699914
51 0 0.634009
51 0 0.690275
53 0 0.722690
55 0 0.742924
53 0 0.620690
53 1 0.689817
10 0 0.122956
11 0 0.120410
9 0 0.098103
8 1 0.089964
9 0 0.104223
9 0 0.101442
8 0 0.114542
8 0 0.112932
7 0 0.100155
6 0 0.059281
8 1 0.086604
9 0 0.101519
9 0 0.095122
7 0 0.101575
8 0 0.092757
7 0 0.076697
11 0 0.088801
11 1 0.092020
10 0 0.048426
10 0 0.077537
10 0 0.093364
12 0 0.100843
10 0 0.073037
11 0 0.098419
11 0 0.125285
11 0 0.122906
13 0 0.143789
12 0 0.125827
15 0 0.129551
14 0 0.140160
11 0 0.109674
13 0 0.142390
11 0 0.078707
13 0 0.038304
13 0 0.141582
11 1 0.080596
12 0 0.102901
12 0 0.094745
13 0 0.038265
14 0 0.087641
9 0 0.074416
14 0 0.115133
12 0 0.125271
12 0 0.123430
13 0 0.145372
13 1 0.146702
14 0 0.090521
12 0 0.129344
11 1 0.083833
14 0 0.143655
13 1 0.135254
12 0 0.126109
13 0 0.081324
12 0 0.128347
14 0 0.159210
13 0 0.148669
14 0 0.157832
12 0 0.126934
15 0 0.130903
13 0 0.154243
17 0 0.152606
12 0 0.120899
14 0 0.123664
13 1 0.151622
15 0 0.000333
14 0 0.169198
13 1 0.150880
13 1 0.155477
13 0 0.153603
15 0 0.174767
13 0 0.154982
13 0 0.158316
15 0 0.194047
14 0 0.179456
15 0 0.001305
14 0 0.172836
15 0 0.191446
14 0 0.172619
16 0 0.157873
16 1 0.175587
16 1 0.194875
14 0 0.172037
14 0 0.069782
17 0 0.205989
13 0 0.156082
13 1 0.154405
16 0 0.202869
15 0 0.189660
14 0 0.172882
15 0 0.175898
17 0 0.169737
14 0 0.167935
15 0 0.178153
16 1 0.159803
14 0 0.117960
16 0 0.161671
12 0 0.037534
15 0 0.109224
14 0 0.130097
13 0 0.088681
13 0 0.108054
14 0 0.110262
14 0 0.141327
14 0 0.130039
15 0 0.148323
17 0 0.104220
14 0 0.091205
15 0 0.144498
16 0 0.150737
17 0 0.173302
16 0 0.166030
16 1 0.173019
17 0 0.178946
18 0 0.183614
16 0 0.171523
20 1 0.197910
18 0 0.195842
18 0 0.206374
18 0 0.222088
19 0 0.235229
18 0 0.203533
16 0 0.115759
18 0 0.141277
16 0 0.119633
20 0 0.127429
17 0 0.147362
18 0 0.163290
19 0 0.148367
16 0 0.133518
20 0 0.174793
16 0 0.138500
19 1 0.140938
17 0 0.166213
17 1 0.163259
18 0 0.195217
20 0 0.218402
17 0 0.198090
17 0 0.192572
18 0 0.205368
22 0 0.205650
18 1 0.207933
18 0 0.205646
19 0 0.218184
20 0 0.222157
18 0 0.184683
17 0 0.177266
19 0 0.191615
19 0 0.212553
20 0 0.214434
19 0 0.206183
18 0 0.202199
20 0 0.240529
22 0 0.242757
20 0 0.221092
22 0 0.211320
19 0 0.210607
21 0 0.204517
19 1 0.217200
19 0 0.234959
19 0 0.243126
18 1 0.225483
20 0 0.256892
20 0 0.259574
18 2 0.222647
19 1 0.236889
21 0 0.260106
20 2 0.251243
18 0 0.220556
20 1 0.258039
19 1 0.243107
24 0 0.280146
19 0 0.246753
22 1 0.288531
21 0 0.290683
18 2 0.238391
22 2 0.278806
20 0 0.262652
23 0 0.286110
23 2 0.266086
23 1 0.268516
21 0 0.246755
20 0 0.264193
22 0 0.284357
21 0 0.275120
21 1 0.268814
21 0 0.278939
22 2 0.241830
22 0 0.281095
23 0 0.257063
22 0 0.266210
21 0 0.209702
20 0 0.255805
20 0 0.254392
21 1 0.224016
16 0 0.111026
15 0 0.094679
19 0 0.119186
20 1 0.170156
22 0 0.132224
21 0 0.189142
22 0 0.133267
20 0 0.134457
18 0 0.095488
20 0 0.156148
20 0 0.116299
21 0 0.164789
19 0 0.102153
22 0 0.204494
21 0 0.213618
19 0 0.125831
21 0 0.159980
20 0 0.084747
20 0 0.156725
22 0 0.169180
22 0 0.136903
23 0 0.154750
23 0 0.135469
21 0 0.127666
24 0 0.177193
24 0 0.181089
23 0 0.171359
22 0 0.140203
23 0 0.208476
25 0 0.204717
25 0 0.219125
23 0 0.169666
22 0 0.162211
22 0 0.142170
25 0 0.107445
23 0 0.228258
23 0 0.155400
23 0 0.178946
23 0 0.159157
24 0 0.182564
24 0 0.153125
26 0 0.186454
23 1 0.170674
24 0 0.205961
28 0 0.200889
27 1 0.201008
25 0 0.190789
24 0 0.183655
27 0 0.221355
26 2 0.209339
27 2 0.289398
24 1 0.203355
25 1 0.235347
25 0 0.231808
26 0 0.209585
24 2 0.236855
26 0 0.191699
27 0 0.218116
24 0 0.229860
26 0 0.168444
26 1 0.260594
28 1 0.233248
26 1 0.231831
27 0 0.297729
25 0 0.217513
24 1 0.161312
26 1 0.242570
25 0 0.228479
27 0 0.274577
25 0 0.204566
27 0 0.275489
25 1 0.192821
26 1 0.258401
27 0 0.208111
26 0 0.235281
28 0 0.263386
28 0 0.241174
30 0 0.297317
30 0 0.297967
25 0 0.221742
28 0 0.258008
26 0 0.296605
25 1 0.219846
27 1 0.300245
27 2 0.222358
28 0 0.242032
25 0 0.193562
26 0 0.237164
26 1 0.275192
26 0 0.223224
26 0 0.231569
26 2 0.231579
25 0 0.241293
28 0 0.262490
28 0 0.265594
27 0 0.249332
27 0 0.231251
28 0 0.274352
32 2 0.324367
31 0 0.312067
30 0 0.286533
30 0 0.332249
30 1 0.226568
28 2 0.236714
29 0 0.269073
32 0 0.313826
29 0 0.268636
31 0 0.361651
33 0 0.327056
33 0 0.412365
33 0 0.344325
32 0 0.326182
33 0 0.319351
32 0 0.413533
35 0 0.378416
31 0 0.300197
33 0 0.301917
45 0 0.440996
43 1 0.563026
48 0 0.544275
48 0 0.572987
50 0 0.563709
50 0 0.604957
51 0 0.706214
50 0 0.529609
50 0 0.538431
50 0 0.544446
51 2 0.608444
52 1 0.647313
51 0 0.666244
52 0 0.550192
51 0 0.667631
55 0 0.796153
78 0 1.342600
77 1 1.465237
76 0 1.310806
79 0 1.654623
79 0 1.683594
81 0 1.537715
80 0 1.519490
82 0 1.711799
80 0 1.362090
81 2 1.526240
82 1 1.716544
82 0 1.773638
44 0 0.462275
50 0 0.522107
52 0 0.616367
51 0 0.672694
52 1 0.583424
90 0 1.986873
89 0 2.159310
95 1 2.062604
94 0 2.418577
96 0 2.155290
100 2 2.562174
97 1 2.209639
73 1 1.454369
79 1 1.581001
79 0 1.643849
78 1 1.592394
81 1 1.687050
81 0 1.659289
80 0 1.317617
80 0 1.480159
82 1 1.987522
80 0 1.625623
80 0 1.543975
80 1 1.433282
82 1 1.473084
81 3 1.825361
81 3 1.710935
81 4 2.046003
82 4 1.784841
82 1 1.638525
83 2 1.658721
81 2 1.729749
84 0 1.705358
41 0 0.715083
42 0 0.369355
42 1 0.437734
44 2 0.461411
46 0 0.549189
49 0 0.648755
48 0 0.507327
48 1 1.160178
47 0 0.667530
48 3 2.092432
47 3 0.733669
49 2 0.641843
52 3 0.746317
49 3 0.747322
48 4 0.735081
50 2 0.666235
50 2 1.552773
51 1 0.806562
52 4 0.729444
20 2 0.154942
18 0 0.055692
22 1 0.161326
19 0 0.100193
24 1 0.189843
21 0 0.084720
26 1 0.188786
23 0 0.166278
28 1 0.194885
25 0 0.158308
31 1 0.296131
26 1 0.215859
26 2 0.218750
24 0 0.176123
25 0 0.209167
28 0 0.218627
27 1 0.227304
27 3 0.235429
27 2 0.239498
25 0 0.166177
26 2 0.218009
27 1 0.245336
26 1 0.255979
24 1 0.124296
29 2 0.239259
29 2 0.273689
29 1 0.256934
28 1 0.214997
29 1 0.246371
30 1 0.260373
27 2 0.205796
31 2 0.308078
28 0 0.243633
29 1 0.245459
30 1 0.253403
31 1 0.256496
31 1 0.286663
30 1 0.256802
25 1 0.165400
29 1 0.202450
29 0 0.216529
29 0 0.218545
28 1 0.215438
29 2 0.255852
27 0 0.116232
29 1 0.171469
30 0 0.224256
31 0 0.199763
30 0 0.252650
31 2 0.257763
30 1 0.221735
32 1 0.233288
30 1 0.233465
30 3 0.233498
31 1 0.295214
28 2 0.203153
32 1 0.238589
34 1 0.261833
33 2 0.286381
32 2 0.274024
33 3 0.306338
28 1 0.258544
30 2 0.280289
31 0 0.281736
31 3 0.298612
32 4 0.340710
32 0 0.244261
31 1 0.267072
31 1 0.309893
33 2 0.248574
31 2 0.270202
32 3 0.337584
34 1 0.292313
32 3 0.364805
33 0 0.275704
30 0 0.208111
35 0 0.305464
33 1 0.266293
34 3 0.342208
32 2 0.345683
32 1 0.281244
30 3 0.290630
33 2 0.368326
31 2 0.238830
32 1 0.314462
31 0 0.295189
32 2 0.304526
32 1 0.341001
33 1 0.334690
31 1 0.287450
34 2 0.353516
34 0 0.382078
31 1 0.319558
31 2 0.326086
31 2 0.252338
34 4 0.350080
32 2 0.312300
33 2 0.288268
32 3 0.312906
34 1 0.324546
32 2 0.214220
33 1 0.266199
33 0 0.239773
34 1 0.302513
34 3 0.341844
34 2 0.312380
35 3 0.308976
35 2 0.313778
34 1 0.272103
39 0 0.425193
38 0 0.376676
34 2 0.356234
37 0 0.397714
36 3 0.356010
35 3 0.353111
37 2 0.403218
34 1 0.262359
34 1 0.223026
33 0 0.234345
35 2 0.329793
36 1 0.325357
35 3 0.342913
38 1 0.340894
35 3 0.327878
37 1 0.270556
37 0 0.008898
36 1 0.341469
36 1 0.316392
37 1 0.331155
38 2 0.411004
36 1 0.358890
36 3 0.342863
36 1 0.382702
37 0 0.357318
37 1 0.391339
38 2 0.372520
35 1 0.312042
38 0 0.407705
36 0 0.406657
36 0 0.355345
39 2 0.399220
37 1 0.443343
36 0 0.393474
37 4 0.494195
38 3 0.439269
38 4 0.453309
37 2 0.362070
38 3 0.384888
37 3 0.395211
39 2 0.464952
40 3 0.454782
38 5 0.683887
39 3 0.492418
39 2 0.470732
38 1 0.544123
39 2 0.494320
38 3 0.544353
40 0 0.006805
37 1 0.352587
44 0 0.568297
38 3 0.451957
37 4 0.413072
40 0 0.385842
37 3 0.460010
38 2 0.395991
36 2 0.432868
39 1 0.394350
37 3 0.420870
42 1 0.502344
41 2 0.405278
79 0 1.453201
79 3 1.744568
78 1 1.413433
81 2 1.409304
48 1 0.542245
47 0 0.445397
48 0 0.455024
48 0 0.515883
52 1 0.595449
51 0 0.579890
51 2 0.679174
53 0 0.584614
52 0 0.565451
53 2 0.620133
52 2 0.514508
57 0 0.778368
54 1 0.680960
54 1 0.648264
55 0 0.737076
56 1 0.839382
54 0 0.678436
56 1 0.762260
55 1 0.610921
58 3 0.954388
79 1 1.475235
82 3 1.528187
86 2 1.770858
84 0 1.664531
31 0 0.205514
37 0 0.459389
36 1 0.344976
36 1 0.304271
36 1 0.318966
37 2 0.522462
39 0 0.431623
42 1 0.455873
40 0 0.380463
40 2 0.462105
43 0 0.535492
44 1 0.531161
42 3 0.581372
44 1 0.536461
45 3 0.589127
45 2 0.584616
46 2 0.543079
46 2 0.634759
81 1 1.476111
84 1 1.754703
86 1 1.934938
87 2 1.966772
54 1 0.673439
58 1 0.905519
60 2 0.820037
60 1 0.879319
58 0 0.952684
59 1 1.004819
61 3 0.950347
64 2 0.917836
63 3 0.960536
60 1 0.819302
62 4 1.093723
62 1 0.864035
66 1 1.140607
62 2 1.044715
64 2 1.012223
65 2 1.183325
63 2 1.109174
64 2 1.235711
64 3 1.047869
53 2 0.481920
56 1 0.673536
56 1 0.637057
58 0 0.632091
58 1 0.785804
13 0 0.125793
12 0 0.115253
9 0 0.032519
11 1 0.114548
17 1 0.153782
17 0 0.123924
18 1 0.189676
15 0 0.082702
17 1 0.173135
18 0 0.197355
16 1 0.088956
19 0 0.155396
15 0 0.123261
17 0 0.096373
18 0 0.194991
16 2 0.132716
18 1 0.153651
17 1 0.133988
19 0 0.221757
17 1 0.176268
20 0 0.185777
14 0 0.045747
16 1 0.150590
20 2 0.172948
20 1 0.137459
21 2 0.161343
21 0 0.181872
20 2 0.196279
19 0 0.102890
21 0 0.219038
22 0 0.183377
22 0 0.189570
19 0 0.095389
18 0 0.100274
21 1 0.177838
22 0 0.161441
20 1 0.152827
21 0 0.170027
22 0 0.072800
20 0 0.152988
18 1 0.105742
21 0 0.126188
21 0 0.134690
20 0 0.108418
17 0 0.108261
19 0 0.112800
21 0 0.202814
23 0 0.214263
21 1 0.152501
22 0 0.168549
20 1 0.210790
21 1 0.239986
21 0 0.140372
23 2 0.193451
21 2 0.156149
20 1 0.168005
22 1 0.173594
21 1 0.202395
26 0 0.193430
22 0 0.191188
22 0 0.175154
22 1 0.169863
26 0 0.224834
23 0 0.231613
22 1 0.188827
23 1 0.208859
23 1 0.257334
22 2 0.178912
22 1 0.192927
22 0 0.198484
24 1 0.232747
22 1 0.206504
24 0 0.269797
23 0 0.256502
23 0 0.212830
26 0 0.246509
19 0 0.111008
25 0 0.283546
22 0 0.195202
23 0 0.203906
22 2 0.195078
23 0 0.252265
23 0 0.262515
20 0 0.159257
23 0 0.218726
23 1 0.268166
24 0 0.239852
22 0 0.201118
21 1 0.196105
23 0 0.225104
21 1 0.203425
25 2 0.250374
24 0 0.231891
24 0 0.235565
25 0 0.242806
26 0 0.224527
22 0 0.178763
25 0 0.233529
27 1 0.274441
25 0 0.211089
24 0 0.187980
23 0 0.161804
25 1 0.204777
24 0 0.167123
25 0 0.201195
27 0 0.251300
26 0 0.214170
25 1 0.213544
25 1 0.202767
25 2 0.220996
25 0 0.184451
27 0 0.249177
29 0 0.247623
26 0 0.228863
26 2 0.285263
27 1 0.266417
27 0 0.313070
26 0 0.285198
28 1 0.331672
28 0 0.308764
27 0 0.249250
29 0 0.285797
25 0 0.146390
25 0 0.152536
26 0 0.245349
27 1 0.262868
26 1 0.215082
26 1 0.223213
26 0 0.232946
28 0 0.311057
28 1 0.257834
27 0 0.293723
27 1 0.228604
26 0 0.219423
29 0 0.231946
31 0 0.302279
28 1 0.301167
26 0 0.239486
32 1 0.336087
29 0 0.276080
29 2 0.287748
28 0 0.268698
27 0 0.285004
27 0 0.264650
28 0 0.290044
28 0 0.286578
29 0 0.292891
27 0 0.306315
28 2 0.306711
30 0 0.306818
29 1 0.294700
27 0 0.264698
28 0 0.317032
31 0 0.348214
29 2 0.293235
28 0 0.347881
30 1 0.309902
30 0 0.341897
29 1 0.302802
28 0 0.326322
32 1 0.381990
28 0 0.326560
33 0 0.379105
30 0 0.311090
30 2 0.329301
29 1 0.340398
28 2 0.361626
31 2 0.367828
32 0 0.353265
31 0 0.301695
29 1 0.322283
29 1 0.315105
29 1 0.361511
